1f004 0 0 0.01757813 0.03515625
1f0cf 0 0.03613281 0.01757813 0.03515625
1f170 0 0.07226563 0.01757813 0.03515625
1f171 0 0.1083984 0.01757813 0.03515625
1f17e 0 0.1445313 0.01757813 0.03515625
1f17f 0 0.1806641 0.01757813 0.03515625
1f18e 0 0.2167969 0.01757813 0.03515625
1f191 0 0.2529297 0.01757813 0.03515625
1f192 0 0.2890625 0.01757813 0.03515625
1f193 0 0.3251953 0.01757813 0.03515625
1f194 0 0.3613281 0.01757813 0.03515625
1f195 0 0.3974609 0.01757813 0.03515625
1f196 0 0.4335938 0.01757813 0.03515625
1f197 0 0.4697266 0.01757813 0.03515625
1f198 0 0.5058594 0.01757813 0.03515625
1f199 0 0.5419922 0.01757813 0.03515625
1f19a 0 0.578125 0.01757813 0.03515625
1f1e6 0 0.6142578 0.01757813 0.03515625
1f1e7 0 0.6503906 0.01757813 0.03515625
1f1e8-1f1f3 0 0.6865234 0.01757813 0.03515625
1f1e8 0 0.7226563 0.01757813 0.03515625
1f1e9-1f1ea 0 0.7587891 0.01757813 0.03515625
1f1e9 0 0.7949219 0.01757813 0.03515625
1f1ea-1f1f8 0 0.8310547 0.01757813 0.03515625
1f1ea 0 0.8671875 0.01757813 0.03515625
1f1eb-1f1f7 0 0.9033203 0.01757813 0.03515625
1f1eb 0 0.9394531 0.01757813 0.03515625
1f1ec-1f1e7 0.01806641 0 0.01757813 0.03515625
1f1ec 0.01806641 0.03613281 0.01757813 0.03515625
1f1ed 0.01806641 0.07226563 0.01757813 0.03515625
1f1ee-1f1f9 0.01806641 0.1083984 0.01757813 0.03515625
1f1ee 0.01806641 0.1445313 0.01757813 0.03515625
1f1ef-1f1f5 0.01806641 0.1806641 0.01757813 0.03515625
1f1ef 0.01806641 0.2167969 0.01757813 0.03515625
1f1f0-1f1f7 0.01806641 0.2529297 0.01757813 0.03515625
1f1f0 0.01806641 0.2890625 0.01757813 0.03515625
1f1f1 0.01806641 0.3251953 0.01757813 0.03515625
1f1f2 0.01806641 0.3613281 0.01757813 0.03515625
1f1f3 0.01806641 0.3974609 0.01757813 0.03515625
1f1f4 0.01806641 0.4335938 0.01757813 0.03515625
1f1f5 0.01806641 0.4697266 0.01757813 0.03515625
1f1f6 0.01806641 0.5058594 0.01757813 0.03515625
1f1f7-1f1fa 0.01806641 0.5419922 0.01757813 0.03515625
1f1f7 0.01806641 0.578125 0.01757813 0.03515625
1f1f8 0.01806641 0.6142578 0.01757813 0.03515625
1f1f9 0.01806641 0.6503906 0.01757813 0.03515625
1f1fa-1f1f8 0.01806641 0.6865234 0.01757813 0.03515625
1f1fa 0.01806641 0.7226563 0.01757813 0.03515625
1f1fb 0.01806641 0.7587891 0.01757813 0.03515625
1f1fc 0.01806641 0.7949219 0.01757813 0.03515625
1f1fd 0.01806641 0.8310547 0.01757813 0.03515625
1f1fe 0.01806641 0.8671875 0.01757813 0.03515625
1f1ff 0.01806641 0.9033203 0.01757813 0.03515625
1f201 0.01806641 0.9394531 0.01757813 0.03515625
1f202 0.03613281 0 0.01757813 0.03515625
1f21a 0.03613281 0.03613281 0.01757813 0.03515625
1f22f 0.03613281 0.07226563 0.01757813 0.03515625
1f232 0.03613281 0.1083984 0.01757813 0.03515625
1f233 0.03613281 0.1445313 0.01757813 0.03515625
1f234 0.03613281 0.1806641 0.01757813 0.03515625
1f235 0.03613281 0.2167969 0.01757813 0.03515625
1f236 0.03613281 0.2529297 0.01757813 0.03515625
1f237 0.03613281 0.2890625 0.01757813 0.03515625
1f238 0.03613281 0.3251953 0.01757813 0.03515625
1f239 0.03613281 0.3613281 0.01757813 0.03515625
1f23a 0.03613281 0.3974609 0.01757813 0.03515625
1f250 0.03613281 0.4335938 0.01757813 0.03515625
1f251 0.03613281 0.4697266 0.01757813 0.03515625
1f300 0.03613281 0.5058594 0.01757813 0.03515625
1f301 0.03613281 0.5419922 0.01757813 0.03515625
1f302 0.03613281 0.578125 0.01757813 0.03515625
1f303 0.03613281 0.6142578 0.01757813 0.03515625
1f304 0.03613281 0.6503906 0.01757813 0.03515625
1f305 0.03613281 0.6865234 0.01757813 0.03515625
1f306 0.03613281 0.7226563 0.01757813 0.03515625
1f307 0.03613281 0.7587891 0.01757813 0.03515625
1f308 0.03613281 0.7949219 0.01757813 0.03515625
1f309 0.03613281 0.8310547 0.01757813 0.03515625
1f30a 0.03613281 0.8671875 0.01757813 0.03515625
1f30b 0.03613281 0.9033203 0.01757813 0.03515625
1f30c 0.03613281 0.9394531 0.01757813 0.03515625
1f30d 0.05419922 0 0.01757813 0.03515625
1f30e 0.05419922 0.03613281 0.01757813 0.03515625
1f30f 0.05419922 0.07226563 0.01757813 0.03515625
1f310 0.05419922 0.1083984 0.01757813 0.03515625
1f311 0.05419922 0.1445313 0.01757813 0.03515625
1f312 0.05419922 0.1806641 0.01757813 0.03515625
1f313 0.05419922 0.2167969 0.01757813 0.03515625
1f314 0.05419922 0.2529297 0.01757813 0.03515625
1f315 0.05419922 0.2890625 0.01757813 0.03515625
1f316 0.05419922 0.3251953 0.01757813 0.03515625
1f317 0.05419922 0.3613281 0.01757813 0.03515625
1f318 0.05419922 0.3974609 0.01757813 0.03515625
1f319 0.05419922 0.4335938 0.01757813 0.03515625
1f31a 0.05419922 0.4697266 0.01757813 0.03515625
1f31b 0.05419922 0.5058594 0.01757813 0.03515625
1f31c 0.05419922 0.5419922 0.01757813 0.03515625
1f31d 0.05419922 0.578125 0.01757813 0.03515625
1f31e 0.05419922 0.6142578 0.01757813 0.03515625
1f31f 0.05419922 0.6503906 0.01757813 0.03515625
1f320 0.05419922 0.6865234 0.01757813 0.03515625
1f330 0.05419922 0.7226563 0.01757813 0.03515625
1f331 0.05419922 0.7587891 0.01757813 0.03515625
1f332 0.05419922 0.7949219 0.01757813 0.03515625
1f333 0.05419922 0.8310547 0.01757813 0.03515625
1f334 0.05419922 0.8671875 0.01757813 0.03515625
1f335 0.05419922 0.9033203 0.01757813 0.03515625
1f337 0.05419922 0.9394531 0.01757813 0.03515625
1f338 0.07226563 0 0.01757813 0.03515625
1f339 0.07226563 0.03613281 0.01757813 0.03515625
1f33a 0.07226563 0.07226563 0.01757813 0.03515625
1f33b 0.07226563 0.1083984 0.01757813 0.03515625
1f33c 0.07226563 0.1445313 0.01757813 0.03515625
1f33d 0.07226563 0.1806641 0.01757813 0.03515625
1f33e 0.07226563 0.2167969 0.01757813 0.03515625
1f33f 0.07226563 0.2529297 0.01757813 0.03515625
1f340 0.07226563 0.2890625 0.01757813 0.03515625
1f341 0.07226563 0.3251953 0.01757813 0.03515625
1f342 0.07226563 0.3613281 0.01757813 0.03515625
1f343 0.07226563 0.3974609 0.01757813 0.03515625
1f344 0.07226563 0.4335938 0.01757813 0.03515625
1f345 0.07226563 0.4697266 0.01757813 0.03515625
1f346 0.07226563 0.5058594 0.01757813 0.03515625
1f347 0.07226563 0.5419922 0.01757813 0.03515625
1f348 0.07226563 0.578125 0.01757813 0.03515625
1f349 0.07226563 0.6142578 0.01757813 0.03515625
1f34a 0.07226563 0.6503906 0.01757813 0.03515625
1f34b 0.07226563 0.6865234 0.01757813 0.03515625
1f34c 0.07226563 0.7226563 0.01757813 0.03515625
1f34d 0.07226563 0.7587891 0.01757813 0.03515625
1f34e 0.07226563 0.7949219 0.01757813 0.03515625
1f34f 0.07226563 0.8310547 0.01757813 0.03515625
1f350 0.07226563 0.8671875 0.01757813 0.03515625
1f351 0.07226563 0.9033203 0.01757813 0.03515625
1f352 0.07226563 0.9394531 0.01757813 0.03515625
1f353 0.09033203 0 0.01757813 0.03515625
1f354 0.09033203 0.03613281 0.01757813 0.03515625
1f355 0.09033203 0.07226563 0.01757813 0.03515625
1f356 0.09033203 0.1083984 0.01757813 0.03515625
1f357 0.09033203 0.1445313 0.01757813 0.03515625
1f358 0.09033203 0.1806641 0.01757813 0.03515625
1f359 0.09033203 0.2167969 0.01757813 0.03515625
1f35a 0.09033203 0.2529297 0.01757813 0.03515625
1f35b 0.09033203 0.2890625 0.01757813 0.03515625
1f35c 0.09033203 0.3251953 0.01757813 0.03515625
1f35d 0.09033203 0.3613281 0.01757813 0.03515625
1f35e 0.09033203 0.3974609 0.01757813 0.03515625
1f35f 0.09033203 0.4335938 0.01757813 0.03515625
1f360 0.09033203 0.4697266 0.01757813 0.03515625
1f361 0.09033203 0.5058594 0.01757813 0.03515625
1f362 0.09033203 0.5419922 0.01757813 0.03515625
1f363 0.09033203 0.578125 0.01757813 0.03515625
1f364 0.09033203 0.6142578 0.01757813 0.03515625
1f365 0.09033203 0.6503906 0.01757813 0.03515625
1f366 0.09033203 0.6865234 0.01757813 0.03515625
1f367 0.09033203 0.7226563 0.01757813 0.03515625
1f368 0.09033203 0.7587891 0.01757813 0.03515625
1f369 0.09033203 0.7949219 0.01757813 0.03515625
1f36a 0.09033203 0.8310547 0.01757813 0.03515625
1f36b 0.09033203 0.8671875 0.01757813 0.03515625
1f36c 0.09033203 0.9033203 0.01757813 0.03515625
1f36d 0.09033203 0.9394531 0.01757813 0.03515625
1f36e 0.1083984 0 0.01757813 0.03515625
1f36f 0.1083984 0.03613281 0.01757813 0.03515625
1f370 0.1083984 0.07226563 0.01757813 0.03515625
1f371 0.1083984 0.1083984 0.01757813 0.03515625
1f372 0.1083984 0.1445313 0.01757813 0.03515625
1f373 0.1083984 0.1806641 0.01757813 0.03515625
1f374 0.1083984 0.2167969 0.01757813 0.03515625
1f375 0.1083984 0.2529297 0.01757813 0.03515625
1f376 0.1083984 0.2890625 0.01757813 0.03515625
1f377 0.1083984 0.3251953 0.01757813 0.03515625
1f378 0.1083984 0.3613281 0.01757813 0.03515625
1f379 0.1083984 0.3974609 0.01757813 0.03515625
1f37a 0.1083984 0.4335938 0.01757813 0.03515625
1f37b 0.1083984 0.4697266 0.01757813 0.03515625
1f37c 0.1083984 0.5058594 0.01757813 0.03515625
1f380 0.1083984 0.5419922 0.01757813 0.03515625
1f381 0.1083984 0.578125 0.01757813 0.03515625
1f382 0.1083984 0.6142578 0.01757813 0.03515625
1f383 0.1083984 0.6503906 0.01757813 0.03515625
1f384 0.1083984 0.6865234 0.01757813 0.03515625
1f385 0.1083984 0.7226563 0.01757813 0.03515625
1f386 0.1083984 0.7587891 0.01757813 0.03515625
1f387 0.1083984 0.7949219 0.01757813 0.03515625
1f388 0.1083984 0.8310547 0.01757813 0.03515625
1f389 0.1083984 0.8671875 0.01757813 0.03515625
1f38a 0.1083984 0.9033203 0.01757813 0.03515625
1f38b 0.1083984 0.9394531 0.01757813 0.03515625
1f38c 0.1264648 0 0.01757813 0.03515625
1f38d 0.1264648 0.03613281 0.01757813 0.03515625
1f38e 0.1264648 0.07226563 0.01757813 0.03515625
1f38f 0.1264648 0.1083984 0.01757813 0.03515625
1f390 0.1264648 0.1445313 0.01757813 0.03515625
1f391 0.1264648 0.1806641 0.01757813 0.03515625
1f392 0.1264648 0.2167969 0.01757813 0.03515625
1f393 0.1264648 0.2529297 0.01757813 0.03515625
1f3a0 0.1264648 0.2890625 0.01757813 0.03515625
1f3a1 0.1264648 0.3251953 0.01757813 0.03515625
1f3a2 0.1264648 0.3613281 0.01757813 0.03515625
1f3a3 0.1264648 0.3974609 0.01757813 0.03515625
1f3a4 0.1264648 0.4335938 0.01757813 0.03515625
1f3a5 0.1264648 0.4697266 0.01757813 0.03515625
1f3a6 0.1264648 0.5058594 0.01757813 0.03515625
1f3a7 0.1264648 0.5419922 0.01757813 0.03515625
1f3a8 0.1264648 0.578125 0.01757813 0.03515625
1f3a9 0.1264648 0.6142578 0.01757813 0.03515625
1f3aa 0.1264648 0.6503906 0.01757813 0.03515625
1f3ab 0.1264648 0.6865234 0.01757813 0.03515625
1f3ac 0.1264648 0.7226563 0.01757813 0.03515625
1f3ad 0.1264648 0.7587891 0.01757813 0.03515625
1f3ae 0.1264648 0.7949219 0.01757813 0.03515625
1f3af 0.1264648 0.8310547 0.01757813 0.03515625
1f3b0 0.1264648 0.8671875 0.01757813 0.03515625
1f3b1 0.1264648 0.9033203 0.01757813 0.03515625
1f3b2 0.1264648 0.9394531 0.01757813 0.03515625
1f3b3 0.1445313 0 0.01757813 0.03515625
1f3b4 0.1445313 0.03613281 0.01757813 0.03515625
1f3b5 0.1445313 0.07226563 0.01757813 0.03515625
1f3b6 0.1445313 0.1083984 0.01757813 0.03515625
1f3b7 0.1445313 0.1445313 0.01757813 0.03515625
1f3b8 0.1445313 0.1806641 0.01757813 0.03515625
1f3b9 0.1445313 0.2167969 0.01757813 0.03515625
1f3ba 0.1445313 0.2529297 0.01757813 0.03515625
1f3bb 0.1445313 0.2890625 0.01757813 0.03515625
1f3bc 0.1445313 0.3251953 0.01757813 0.03515625
1f3bd 0.1445313 0.3613281 0.01757813 0.03515625
1f3be 0.1445313 0.3974609 0.01757813 0.03515625
1f3bf 0.1445313 0.4335938 0.01757813 0.03515625
1f3c0 0.1445313 0.4697266 0.01757813 0.03515625
1f3c1 0.1445313 0.5058594 0.01757813 0.03515625
1f3c2 0.1445313 0.5419922 0.01757813 0.03515625
1f3c3 0.1445313 0.578125 0.01757813 0.03515625
1f3c4 0.1445313 0.6142578 0.01757813 0.03515625
1f3c6 0.1445313 0.6503906 0.01757813 0.03515625
1f3c7 0.1445313 0.6865234 0.01757813 0.03515625
1f3c8 0.1445313 0.7226563 0.01757813 0.03515625
1f3c9 0.1445313 0.7587891 0.01757813 0.03515625
1f3ca 0.1445313 0.7949219 0.01757813 0.03515625
1f3e0 0.1445313 0.8310547 0.01757813 0.03515625
1f3e1 0.1445313 0.8671875 0.01757813 0.03515625
1f3e2 0.1445313 0.9033203 0.01757813 0.03515625
1f3e3 0.1445313 0.9394531 0.01757813 0.03515625
1f3e4 0.1625977 0 0.01757813 0.03515625
1f3e5 0.1625977 0.03613281 0.01757813 0.03515625
1f3e6 0.1625977 0.07226563 0.01757813 0.03515625
1f3e7 0.1625977 0.1083984 0.01757813 0.03515625
1f3e8 0.1625977 0.1445313 0.01757813 0.03515625
1f3e9 0.1625977 0.1806641 0.01757813 0.03515625
1f3ea 0.1625977 0.2167969 0.01757813 0.03515625
1f3eb 0.1625977 0.2529297 0.01757813 0.03515625
1f3ec 0.1625977 0.2890625 0.01757813 0.03515625
1f3ed 0.1625977 0.3251953 0.01757813 0.03515625
1f3ee 0.1625977 0.3613281 0.01757813 0.03515625
1f3ef 0.1625977 0.3974609 0.01757813 0.03515625
1f3f0 0.1625977 0.4335938 0.01757813 0.03515625
1f400 0.1625977 0.4697266 0.01757813 0.03515625
1f401 0.1625977 0.5058594 0.01757813 0.03515625
1f402 0.1625977 0.5419922 0.01757813 0.03515625
1f403 0.1625977 0.578125 0.01757813 0.03515625
1f404 0.1625977 0.6142578 0.01757813 0.03515625
1f405 0.1625977 0.6503906 0.01757813 0.03515625
1f406 0.1625977 0.6865234 0.01757813 0.03515625
1f407 0.1625977 0.7226563 0.01757813 0.03515625
1f408 0.1625977 0.7587891 0.01757813 0.03515625
1f409 0.1625977 0.7949219 0.01757813 0.03515625
1f40a 0.1625977 0.8310547 0.01757813 0.03515625
1f40b 0.1625977 0.8671875 0.01757813 0.03515625
1f40c 0.1625977 0.9033203 0.01757813 0.03515625
1f40d 0.1625977 0.9394531 0.01757813 0.03515625
1f40e 0.1806641 0 0.01757813 0.03515625
1f40f 0.1806641 0.03613281 0.01757813 0.03515625
1f410 0.1806641 0.07226563 0.01757813 0.03515625
1f411 0.1806641 0.1083984 0.01757813 0.03515625
1f412 0.1806641 0.1445313 0.01757813 0.03515625
1f413 0.1806641 0.1806641 0.01757813 0.03515625
1f414 0.1806641 0.2167969 0.01757813 0.03515625
1f415 0.1806641 0.2529297 0.01757813 0.03515625
1f416 0.1806641 0.2890625 0.01757813 0.03515625
1f417 0.1806641 0.3251953 0.01757813 0.03515625
1f418 0.1806641 0.3613281 0.01757813 0.03515625
1f419 0.1806641 0.3974609 0.01757813 0.03515625
1f41a 0.1806641 0.4335938 0.01757813 0.03515625
1f41b 0.1806641 0.4697266 0.01757813 0.03515625
1f41c 0.1806641 0.5058594 0.01757813 0.03515625
1f41d 0.1806641 0.5419922 0.01757813 0.03515625
1f41e 0.1806641 0.578125 0.01757813 0.03515625
1f41f 0.1806641 0.6142578 0.01757813 0.03515625
1f420 0.1806641 0.6503906 0.01757813 0.03515625
1f421 0.1806641 0.6865234 0.01757813 0.03515625
1f422 0.1806641 0.7226563 0.01757813 0.03515625
1f423 0.1806641 0.7587891 0.01757813 0.03515625
1f424 0.1806641 0.7949219 0.01757813 0.03515625
1f425 0.1806641 0.8310547 0.01757813 0.03515625
1f426 0.1806641 0.8671875 0.01757813 0.03515625
1f427 0.1806641 0.9033203 0.01757813 0.03515625
1f428 0.1806641 0.9394531 0.01757813 0.03515625
1f429 0.1987305 0 0.01757813 0.03515625
1f42a 0.1987305 0.03613281 0.01757813 0.03515625
1f42b 0.1987305 0.07226563 0.01757813 0.03515625
1f42c 0.1987305 0.1083984 0.01757813 0.03515625
1f42d 0.1987305 0.1445313 0.01757813 0.03515625
1f42e 0.1987305 0.1806641 0.01757813 0.03515625
1f42f 0.1987305 0.2167969 0.01757813 0.03515625
1f430 0.1987305 0.2529297 0.01757813 0.03515625
1f431 0.1987305 0.2890625 0.01757813 0.03515625
1f432 0.1987305 0.3251953 0.01757813 0.03515625
1f433 0.1987305 0.3613281 0.01757813 0.03515625
1f434 0.1987305 0.3974609 0.01757813 0.03515625
1f435 0.1987305 0.4335938 0.01757813 0.03515625
1f436 0.1987305 0.4697266 0.01757813 0.03515625
1f437 0.1987305 0.5058594 0.01757813 0.03515625
1f438 0.1987305 0.5419922 0.01757813 0.03515625
1f439 0.1987305 0.578125 0.01757813 0.03515625
1f43a 0.1987305 0.6142578 0.01757813 0.03515625
1f43b 0.1987305 0.6503906 0.01757813 0.03515625
1f43c 0.1987305 0.6865234 0.01757813 0.03515625
1f43d 0.1987305 0.7226563 0.01757813 0.03515625
1f43e 0.1987305 0.7587891 0.01757813 0.03515625
1f440 0.1987305 0.7949219 0.01757813 0.03515625
1f442 0.1987305 0.8310547 0.01757813 0.03515625
1f443 0.1987305 0.8671875 0.01757813 0.03515625
1f444 0.1987305 0.9033203 0.01757813 0.03515625
1f445 0.1987305 0.9394531 0.01757813 0.03515625
1f446 0.2167969 0 0.01757813 0.03515625
1f447 0.2167969 0.03613281 0.01757813 0.03515625
1f448 0.2167969 0.07226563 0.01757813 0.03515625
1f449 0.2167969 0.1083984 0.01757813 0.03515625
1f44a 0.2167969 0.1445313 0.01757813 0.03515625
1f44b 0.2167969 0.1806641 0.01757813 0.03515625
1f44c 0.2167969 0.2167969 0.01757813 0.03515625
1f44d 0.2167969 0.2529297 0.01757813 0.03515625
1f44e 0.2167969 0.2890625 0.01757813 0.03515625
1f44f 0.2167969 0.3251953 0.01757813 0.03515625
1f450 0.2167969 0.3613281 0.01757813 0.03515625
1f451 0.2167969 0.3974609 0.01757813 0.03515625
1f452 0.2167969 0.4335938 0.01757813 0.03515625
1f453 0.2167969 0.4697266 0.01757813 0.03515625
1f454 0.2167969 0.5058594 0.01757813 0.03515625
1f455 0.2167969 0.5419922 0.01757813 0.03515625
1f456 0.2167969 0.578125 0.01757813 0.03515625
1f457 0.2167969 0.6142578 0.01757813 0.03515625
1f458 0.2167969 0.6503906 0.01757813 0.03515625
1f459 0.2167969 0.6865234 0.01757813 0.03515625
1f45a 0.2167969 0.7226563 0.01757813 0.03515625
1f45b 0.2167969 0.7587891 0.01757813 0.03515625
1f45c 0.2167969 0.7949219 0.01757813 0.03515625
1f45d 0.2167969 0.8310547 0.01757813 0.03515625
1f45e 0.2167969 0.8671875 0.01757813 0.03515625
1f45f 0.2167969 0.9033203 0.01757813 0.03515625
1f460 0.2167969 0.9394531 0.01757813 0.03515625
1f461 0.2348633 0 0.01757813 0.03515625
1f462 0.2348633 0.03613281 0.01757813 0.03515625
1f463 0.2348633 0.07226563 0.01757813 0.03515625
1f464 0.2348633 0.1083984 0.01757813 0.03515625
1f465 0.2348633 0.1445313 0.01757813 0.03515625
1f466 0.2348633 0.1806641 0.01757813 0.03515625
1f467 0.2348633 0.2167969 0.01757813 0.03515625
1f468 0.2348633 0.2529297 0.01757813 0.03515625
1f469 0.2348633 0.2890625 0.01757813 0.03515625
1f46a 0.2348633 0.3251953 0.01757813 0.03515625
1f46b 0.2348633 0.3613281 0.01757813 0.03515625
1f46c 0.2348633 0.3974609 0.01757813 0.03515625
1f46d 0.2348633 0.4335938 0.01757813 0.03515625
1f46e 0.2348633 0.4697266 0.01757813 0.03515625
1f46f 0.2348633 0.5058594 0.01757813 0.03515625
1f470 0.2348633 0.5419922 0.01757813 0.03515625
1f471 0.2348633 0.578125 0.01757813 0.03515625
1f472 0.2348633 0.6142578 0.01757813 0.03515625
1f473 0.2348633 0.6503906 0.01757813 0.03515625
1f474 0.2348633 0.6865234 0.01757813 0.03515625
1f475 0.2348633 0.7226563 0.01757813 0.03515625
1f476 0.2348633 0.7587891 0.01757813 0.03515625
1f477 0.2348633 0.7949219 0.01757813 0.03515625
1f478 0.2348633 0.8310547 0.01757813 0.03515625
1f479 0.2348633 0.8671875 0.01757813 0.03515625
1f47a 0.2348633 0.9033203 0.01757813 0.03515625
1f47b 0.2348633 0.9394531 0.01757813 0.03515625
1f47c 0.2529297 0 0.01757813 0.03515625
1f47d 0.2529297 0.03613281 0.01757813 0.03515625
1f47e 0.2529297 0.07226563 0.01757813 0.03515625
1f47f 0.2529297 0.1083984 0.01757813 0.03515625
1f480 0.2529297 0.1445313 0.01757813 0.03515625
1f481 0.2529297 0.1806641 0.01757813 0.03515625
1f482 0.2529297 0.2167969 0.01757813 0.03515625
1f483 0.2529297 0.2529297 0.01757813 0.03515625
1f484 0.2529297 0.2890625 0.01757813 0.03515625
1f485 0.2529297 0.3251953 0.01757813 0.03515625
1f486 0.2529297 0.3613281 0.01757813 0.03515625
1f487 0.2529297 0.3974609 0.01757813 0.03515625
1f488 0.2529297 0.4335938 0.01757813 0.03515625
1f489 0.2529297 0.4697266 0.01757813 0.03515625
1f48a 0.2529297 0.5058594 0.01757813 0.03515625
1f48b 0.2529297 0.5419922 0.01757813 0.03515625
1f48c 0.2529297 0.578125 0.01757813 0.03515625
1f48d 0.2529297 0.6142578 0.01757813 0.03515625
1f48e 0.2529297 0.6503906 0.01757813 0.03515625
1f48f 0.2529297 0.6865234 0.01757813 0.03515625
1f490 0.2529297 0.7226563 0.01757813 0.03515625
1f491 0.2529297 0.7587891 0.01757813 0.03515625
1f492 0.2529297 0.7949219 0.01757813 0.03515625
1f493 0.2529297 0.8310547 0.01757813 0.03515625
1f494 0.2529297 0.8671875 0.01757813 0.03515625
1f495 0.2529297 0.9033203 0.01757813 0.03515625
1f496 0.2529297 0.9394531 0.01757813 0.03515625
1f497 0.2709961 0 0.01757813 0.03515625
1f498 0.2709961 0.03613281 0.01757813 0.03515625
1f499 0.2709961 0.07226563 0.01757813 0.03515625
1f49a 0.2709961 0.1083984 0.01757813 0.03515625
1f49b 0.2709961 0.1445313 0.01757813 0.03515625
1f49c 0.2709961 0.1806641 0.01757813 0.03515625
1f49d 0.2709961 0.2167969 0.01757813 0.03515625
1f49e 0.2709961 0.2529297 0.01757813 0.03515625
1f49f 0.2709961 0.2890625 0.01757813 0.03515625
1f4a0 0.2709961 0.3251953 0.01757813 0.03515625
1f4a1 0.2709961 0.3613281 0.01757813 0.03515625
1f4a2 0.2709961 0.3974609 0.01757813 0.03515625
1f4a3 0.2709961 0.4335938 0.01757813 0.03515625
1f4a4 0.2709961 0.4697266 0.01757813 0.03515625
1f4a5 0.2709961 0.5058594 0.01757813 0.03515625
1f4a6 0.2709961 0.5419922 0.01757813 0.03515625
1f4a7 0.2709961 0.578125 0.01757813 0.03515625
1f4a8 0.2709961 0.6142578 0.01757813 0.03515625
1f4a9 0.2709961 0.6503906 0.01757813 0.03515625
1f4aa 0.2709961 0.6865234 0.01757813 0.03515625
1f4ab 0.2709961 0.7226563 0.01757813 0.03515625
1f4ac 0.2709961 0.7587891 0.01757813 0.03515625
1f4ad 0.2709961 0.7949219 0.01757813 0.03515625
1f4ae 0.2709961 0.8310547 0.01757813 0.03515625
1f4af 0.2709961 0.8671875 0.01757813 0.03515625
1f4b0 0.2709961 0.9033203 0.01757813 0.03515625
1f4b1 0.2709961 0.9394531 0.01757813 0.03515625
1f4b2 0.2890625 0 0.01757813 0.03515625
1f4b3 0.2890625 0.03613281 0.01757813 0.03515625
1f4b4 0.2890625 0.07226563 0.01757813 0.03515625
1f4b5 0.2890625 0.1083984 0.01757813 0.03515625
1f4b6 0.2890625 0.1445313 0.01757813 0.03515625
1f4b7 0.2890625 0.1806641 0.01757813 0.03515625
1f4b8 0.2890625 0.2167969 0.01757813 0.03515625
1f4b9 0.2890625 0.2529297 0.01757813 0.03515625
1f4ba 0.2890625 0.2890625 0.01757813 0.03515625
1f4bb 0.2890625 0.3251953 0.01757813 0.03515625
1f4bc 0.2890625 0.3613281 0.01757813 0.03515625
1f4bd 0.2890625 0.3974609 0.01757813 0.03515625
1f4be 0.2890625 0.4335938 0.01757813 0.03515625
1f4bf 0.2890625 0.4697266 0.01757813 0.03515625
1f4c0 0.2890625 0.5058594 0.01757813 0.03515625
1f4c1 0.2890625 0.5419922 0.01757813 0.03515625
1f4c2 0.2890625 0.578125 0.01757813 0.03515625
1f4c3 0.2890625 0.6142578 0.01757813 0.03515625
1f4c4 0.2890625 0.6503906 0.01757813 0.03515625
1f4c5 0.2890625 0.6865234 0.01757813 0.03515625
1f4c6 0.2890625 0.7226563 0.01757813 0.03515625
1f4c7 0.2890625 0.7587891 0.01757813 0.03515625
1f4c8 0.2890625 0.7949219 0.01757813 0.03515625
1f4c9 0.2890625 0.8310547 0.01757813 0.03515625
1f4ca 0.2890625 0.8671875 0.01757813 0.03515625
1f4cb 0.2890625 0.9033203 0.01757813 0.03515625
1f4cc 0.2890625 0.9394531 0.01757813 0.03515625
1f4cd 0.3071289 0 0.01757813 0.03515625
1f4ce 0.3071289 0.03613281 0.01757813 0.03515625
1f4cf 0.3071289 0.07226563 0.01757813 0.03515625
1f4d0 0.3071289 0.1083984 0.01757813 0.03515625
1f4d1 0.3071289 0.1445313 0.01757813 0.03515625
1f4d2 0.3071289 0.1806641 0.01757813 0.03515625
1f4d3 0.3071289 0.2167969 0.01757813 0.03515625
1f4d4 0.3071289 0.2529297 0.01757813 0.03515625
1f4d5 0.3071289 0.2890625 0.01757813 0.03515625
1f4d6 0.3071289 0.3251953 0.01757813 0.03515625
1f4d7 0.3071289 0.3613281 0.01757813 0.03515625
1f4d8 0.3071289 0.3974609 0.01757813 0.03515625
1f4d9 0.3071289 0.4335938 0.01757813 0.03515625
1f4da 0.3071289 0.4697266 0.01757813 0.03515625
1f4db 0.3071289 0.5058594 0.01757813 0.03515625
1f4dc 0.3071289 0.5419922 0.01757813 0.03515625
1f4dd 0.3071289 0.578125 0.01757813 0.03515625
1f4de 0.3071289 0.6142578 0.01757813 0.03515625
1f4df 0.3071289 0.6503906 0.01757813 0.03515625
1f4e0 0.3071289 0.6865234 0.01757813 0.03515625
1f4e1 0.3071289 0.7226563 0.01757813 0.03515625
1f4e2 0.3071289 0.7587891 0.01757813 0.03515625
1f4e3 0.3071289 0.7949219 0.01757813 0.03515625
1f4e4 0.3071289 0.8310547 0.01757813 0.03515625
1f4e5 0.3071289 0.8671875 0.01757813 0.03515625
1f4e6 0.3071289 0.9033203 0.01757813 0.03515625
1f4e7 0.3071289 0.9394531 0.01757813 0.03515625
1f4e8 0.3251953 0 0.01757813 0.03515625
1f4e9 0.3251953 0.03613281 0.01757813 0.03515625
1f4ea 0.3251953 0.07226563 0.01757813 0.03515625
1f4eb 0.3251953 0.1083984 0.01757813 0.03515625
1f4ec 0.3251953 0.1445313 0.01757813 0.03515625
1f4ed 0.3251953 0.1806641 0.01757813 0.03515625
1f4ee 0.3251953 0.2167969 0.01757813 0.03515625
1f4ef 0.3251953 0.2529297 0.01757813 0.03515625
1f4f0 0.3251953 0.2890625 0.01757813 0.03515625
1f4f1 0.3251953 0.3251953 0.01757813 0.03515625
1f4f2 0.3251953 0.3613281 0.01757813 0.03515625
1f4f3 0.3251953 0.3974609 0.01757813 0.03515625
1f4f4 0.3251953 0.4335938 0.01757813 0.03515625
1f4f5 0.3251953 0.4697266 0.01757813 0.03515625
1f4f6 0.3251953 0.5058594 0.01757813 0.03515625
1f4f7 0.3251953 0.5419922 0.01757813 0.03515625
1f4f9 0.3251953 0.578125 0.01757813 0.03515625
1f4fa 0.3251953 0.6142578 0.01757813 0.03515625
1f4fb 0.3251953 0.6503906 0.01757813 0.03515625
1f4fc 0.3251953 0.6865234 0.01757813 0.03515625
1f500 0.3251953 0.7226563 0.01757813 0.03515625
1f501 0.3251953 0.7587891 0.01757813 0.03515625
1f502 0.3251953 0.7949219 0.01757813 0.03515625
1f503 0.3251953 0.8310547 0.01757813 0.03515625
1f504 0.3251953 0.8671875 0.01757813 0.03515625
1f505 0.3251953 0.9033203 0.01757813 0.03515625
1f506 0.3251953 0.9394531 0.01757813 0.03515625
1f507 0.3432617 0 0.01757813 0.03515625
1f508 0.3432617 0.03613281 0.01757813 0.03515625
1f509 0.3432617 0.07226563 0.01757813 0.03515625
1f50a 0.3432617 0.1083984 0.01757813 0.03515625
1f50b 0.3432617 0.1445313 0.01757813 0.03515625
1f50c 0.3432617 0.1806641 0.01757813 0.03515625
1f50d 0.3432617 0.2167969 0.01757813 0.03515625
1f50e 0.3432617 0.2529297 0.01757813 0.03515625
1f50f 0.3432617 0.2890625 0.01757813 0.03515625
1f510 0.3432617 0.3251953 0.01757813 0.03515625
1f511 0.3432617 0.3613281 0.01757813 0.03515625
1f512 0.3432617 0.3974609 0.01757813 0.03515625
1f513 0.3432617 0.4335938 0.01757813 0.03515625
1f514 0.3432617 0.4697266 0.01757813 0.03515625
1f515 0.3432617 0.5058594 0.01757813 0.03515625
1f516 0.3432617 0.5419922 0.01757813 0.03515625
1f517 0.3432617 0.578125 0.01757813 0.03515625
1f518 0.3432617 0.6142578 0.01757813 0.03515625
1f519 0.3432617 0.6503906 0.01757813 0.03515625
1f51a 0.3432617 0.6865234 0.01757813 0.03515625
1f51b 0.3432617 0.7226563 0.01757813 0.03515625
1f51c 0.3432617 0.7587891 0.01757813 0.03515625
1f51d 0.3432617 0.7949219 0.01757813 0.03515625
1f51e 0.3432617 0.8310547 0.01757813 0.03515625
1f51f 0.3432617 0.8671875 0.01757813 0.03515625
1f520 0.3432617 0.9033203 0.01757813 0.03515625
1f521 0.3432617 0.9394531 0.01757813 0.03515625
1f522 0.3613281 0 0.01757813 0.03515625
1f523 0.3613281 0.03613281 0.01757813 0.03515625
1f524 0.3613281 0.07226563 0.01757813 0.03515625
1f525 0.3613281 0.1083984 0.01757813 0.03515625
1f526 0.3613281 0.1445313 0.01757813 0.03515625
1f527 0.3613281 0.1806641 0.01757813 0.03515625
1f528 0.3613281 0.2167969 0.01757813 0.03515625
1f529 0.3613281 0.2529297 0.01757813 0.03515625
1f52a 0.3613281 0.2890625 0.01757813 0.03515625
1f52b 0.3613281 0.3251953 0.01757813 0.03515625
1f52c 0.3613281 0.3613281 0.01757813 0.03515625
1f52d 0.3613281 0.3974609 0.01757813 0.03515625
1f52e 0.3613281 0.4335938 0.01757813 0.03515625
1f52f 0.3613281 0.4697266 0.01757813 0.03515625
1f530 0.3613281 0.5058594 0.01757813 0.03515625
1f531 0.3613281 0.5419922 0.01757813 0.03515625
1f532 0.3613281 0.578125 0.01757813 0.03515625
1f533 0.3613281 0.6142578 0.01757813 0.03515625
1f534 0.3613281 0.6503906 0.01757813 0.03515625
1f535 0.3613281 0.6865234 0.01757813 0.03515625
1f536 0.3613281 0.7226563 0.01757813 0.03515625
1f537 0.3613281 0.7587891 0.01757813 0.03515625
1f538 0.3613281 0.7949219 0.01757813 0.03515625
1f539 0.3613281 0.8310547 0.01757813 0.03515625
1f53a 0.3613281 0.8671875 0.01757813 0.03515625
1f53b 0.3613281 0.9033203 0.01757813 0.03515625
1f53c 0.3613281 0.9394531 0.01757813 0.03515625
1f53d 0.3793945 0 0.01757813 0.03515625
1f550 0.3793945 0.03613281 0.01757813 0.03515625
1f551 0.3793945 0.07226563 0.01757813 0.03515625
1f552 0.3793945 0.1083984 0.01757813 0.03515625
1f553 0.3793945 0.1445313 0.01757813 0.03515625
1f554 0.3793945 0.1806641 0.01757813 0.03515625
1f555 0.3793945 0.2167969 0.01757813 0.03515625
1f556 0.3793945 0.2529297 0.01757813 0.03515625
1f557 0.3793945 0.2890625 0.01757813 0.03515625
1f558 0.3793945 0.3251953 0.01757813 0.03515625
1f559 0.3793945 0.3613281 0.01757813 0.03515625
1f55a 0.3793945 0.3974609 0.01757813 0.03515625
1f55b 0.3793945 0.4335938 0.01757813 0.03515625
1f55c 0.3793945 0.4697266 0.01757813 0.03515625
1f55d 0.3793945 0.5058594 0.01757813 0.03515625
1f55e 0.3793945 0.5419922 0.01757813 0.03515625
1f55f 0.3793945 0.578125 0.01757813 0.03515625
1f560 0.3793945 0.6142578 0.01757813 0.03515625
1f561 0.3793945 0.6503906 0.01757813 0.03515625
1f562 0.3793945 0.6865234 0.01757813 0.03515625
1f563 0.3793945 0.7226563 0.01757813 0.03515625
1f564 0.3793945 0.7587891 0.01757813 0.03515625
1f565 0.3793945 0.7949219 0.01757813 0.03515625
1f566 0.3793945 0.8310547 0.01757813 0.03515625
1f567 0.3793945 0.8671875 0.01757813 0.03515625
1f5fb 0.3793945 0.9033203 0.01757813 0.03515625
1f5fc 0.3793945 0.9394531 0.01757813 0.03515625
1f5fd 0.3974609 0 0.01757813 0.03515625
1f5fe 0.3974609 0.03613281 0.01757813 0.03515625
1f5ff 0.3974609 0.07226563 0.01757813 0.03515625
1f600 0.3974609 0.1083984 0.01757813 0.03515625
1f601 0.3974609 0.1445313 0.01757813 0.03515625
1f602 0.3974609 0.1806641 0.01757813 0.03515625
1f603 0.3974609 0.2167969 0.01757813 0.03515625
1f604 0.3974609 0.2529297 0.01757813 0.03515625
1f605 0.3974609 0.2890625 0.01757813 0.03515625
1f606 0.3974609 0.3251953 0.01757813 0.03515625
1f607 0.3974609 0.3613281 0.01757813 0.03515625
1f608 0.3974609 0.3974609 0.01757813 0.03515625
1f609 0.3974609 0.4335938 0.01757813 0.03515625
1f60a 0.3974609 0.4697266 0.01757813 0.03515625
1f60b 0.3974609 0.5058594 0.01757813 0.03515625
1f60c 0.3974609 0.5419922 0.01757813 0.03515625
1f60d 0.3974609 0.578125 0.01757813 0.03515625
1f60e 0.3974609 0.6142578 0.01757813 0.03515625
1f60f 0.3974609 0.6503906 0.01757813 0.03515625
1f610 0.3974609 0.6865234 0.01757813 0.03515625
1f611 0.3974609 0.7226563 0.01757813 0.03515625
1f612 0.3974609 0.7587891 0.01757813 0.03515625
1f613 0.3974609 0.7949219 0.01757813 0.03515625
1f614 0.3974609 0.8310547 0.01757813 0.03515625
1f615 0.3974609 0.8671875 0.01757813 0.03515625
1f616 0.3974609 0.9033203 0.01757813 0.03515625
1f617 0.3974609 0.9394531 0.01757813 0.03515625
1f618 0.4155273 0 0.01757813 0.03515625
1f619 0.4155273 0.03613281 0.01757813 0.03515625
1f61a 0.4155273 0.07226563 0.01757813 0.03515625
1f61b 0.4155273 0.1083984 0.01757813 0.03515625
1f61c 0.4155273 0.1445313 0.01757813 0.03515625
1f61d 0.4155273 0.1806641 0.01757813 0.03515625
1f61e 0.4155273 0.2167969 0.01757813 0.03515625
1f61f 0.4155273 0.2529297 0.01757813 0.03515625
1f620 0.4155273 0.2890625 0.01757813 0.03515625
1f621 0.4155273 0.3251953 0.01757813 0.03515625
1f622 0.4155273 0.3613281 0.01757813 0.03515625
1f623 0.4155273 0.3974609 0.01757813 0.03515625
1f624 0.4155273 0.4335938 0.01757813 0.03515625
1f625 0.4155273 0.4697266 0.01757813 0.03515625
1f626 0.4155273 0.5058594 0.01757813 0.03515625
1f627 0.4155273 0.5419922 0.01757813 0.03515625
1f628 0.4155273 0.578125 0.01757813 0.03515625
1f629 0.4155273 0.6142578 0.01757813 0.03515625
1f62a 0.4155273 0.6503906 0.01757813 0.03515625
1f62b 0.4155273 0.6865234 0.01757813 0.03515625
1f62c 0.4155273 0.7226563 0.01757813 0.03515625
1f62d 0.4155273 0.7587891 0.01757813 0.03515625
1f62e 0.4155273 0.7949219 0.01757813 0.03515625
1f62f 0.4155273 0.8310547 0.01757813 0.03515625
1f630 0.4155273 0.8671875 0.01757813 0.03515625
1f631 0.4155273 0.9033203 0.01757813 0.03515625
1f632 0.4155273 0.9394531 0.01757813 0.03515625
1f633 0.4335938 0 0.01757813 0.03515625
1f634 0.4335938 0.03613281 0.01757813 0.03515625
1f635 0.4335938 0.07226563 0.01757813 0.03515625
1f636 0.4335938 0.1083984 0.01757813 0.03515625
1f637 0.4335938 0.1445313 0.01757813 0.03515625
1f638 0.4335938 0.1806641 0.01757813 0.03515625
1f639 0.4335938 0.2167969 0.01757813 0.03515625
1f63a 0.4335938 0.2529297 0.01757813 0.03515625
1f63b 0.4335938 0.2890625 0.01757813 0.03515625
1f63c 0.4335938 0.3251953 0.01757813 0.03515625
1f63d 0.4335938 0.3613281 0.01757813 0.03515625
1f63e 0.4335938 0.3974609 0.01757813 0.03515625
1f63f 0.4335938 0.4335938 0.01757813 0.03515625
1f640 0.4335938 0.4697266 0.01757813 0.03515625
1f645 0.4335938 0.5058594 0.01757813 0.03515625
1f646 0.4335938 0.5419922 0.01757813 0.03515625
1f647 0.4335938 0.578125 0.01757813 0.03515625
1f648 0.4335938 0.6142578 0.01757813 0.03515625
1f649 0.4335938 0.6503906 0.01757813 0.03515625
1f64a 0.4335938 0.6865234 0.01757813 0.03515625
1f64b 0.4335938 0.7226563 0.01757813 0.03515625
1f64c 0.4335938 0.7587891 0.01757813 0.03515625
1f64d 0.4335938 0.7949219 0.01757813 0.03515625
1f64e 0.4335938 0.8310547 0.01757813 0.03515625
1f64f 0.4335938 0.8671875 0.01757813 0.03515625
1f680 0.4335938 0.9033203 0.01757813 0.03515625
1f681 0.4335938 0.9394531 0.01757813 0.03515625
1f682 0.4516602 0 0.01757813 0.03515625
1f683 0.4516602 0.03613281 0.01757813 0.03515625
1f684 0.4516602 0.07226563 0.01757813 0.03515625
1f685 0.4516602 0.1083984 0.01757813 0.03515625
1f686 0.4516602 0.1445313 0.01757813 0.03515625
1f687 0.4516602 0.1806641 0.01757813 0.03515625
1f688 0.4516602 0.2167969 0.01757813 0.03515625
1f689 0.4516602 0.2529297 0.01757813 0.03515625
1f68a 0.4516602 0.2890625 0.01757813 0.03515625
1f68b 0.4516602 0.3251953 0.01757813 0.03515625
1f68c 0.4516602 0.3613281 0.01757813 0.03515625
1f68d 0.4516602 0.3974609 0.01757813 0.03515625
1f68e 0.4516602 0.4335938 0.01757813 0.03515625
1f68f 0.4516602 0.4697266 0.01757813 0.03515625
1f690 0.4516602 0.5058594 0.01757813 0.03515625
1f691 0.4516602 0.5419922 0.01757813 0.03515625
1f692 0.4516602 0.578125 0.01757813 0.03515625
1f693 0.4516602 0.6142578 0.01757813 0.03515625
1f694 0.4516602 0.6503906 0.01757813 0.03515625
1f695 0.4516602 0.6865234 0.01757813 0.03515625
1f696 0.4516602 0.7226563 0.01757813 0.03515625
1f697 0.4516602 0.7587891 0.01757813 0.03515625
1f698 0.4516602 0.7949219 0.01757813 0.03515625
1f699 0.4516602 0.8310547 0.01757813 0.03515625
1f69a 0.4516602 0.8671875 0.01757813 0.03515625
1f69b 0.4516602 0.9033203 0.01757813 0.03515625
1f69c 0.4516602 0.9394531 0.01757813 0.03515625
1f69d 0.4697266 0 0.01757813 0.03515625
1f69e 0.4697266 0.03613281 0.01757813 0.03515625
1f69f 0.4697266 0.07226563 0.01757813 0.03515625
1f6a0 0.4697266 0.1083984 0.01757813 0.03515625
1f6a1 0.4697266 0.1445313 0.01757813 0.03515625
1f6a2 0.4697266 0.1806641 0.01757813 0.03515625
1f6a3 0.4697266 0.2167969 0.01757813 0.03515625
1f6a4 0.4697266 0.2529297 0.01757813 0.03515625
1f6a5 0.4697266 0.2890625 0.01757813 0.03515625
1f6a6 0.4697266 0.3251953 0.01757813 0.03515625
1f6a7 0.4697266 0.3613281 0.01757813 0.03515625
1f6a8 0.4697266 0.3974609 0.01757813 0.03515625
1f6a9 0.4697266 0.4335938 0.01757813 0.03515625
1f6aa 0.4697266 0.4697266 0.01757813 0.03515625
1f6ab 0.4697266 0.5058594 0.01757813 0.03515625
1f6ac 0.4697266 0.5419922 0.01757813 0.03515625
1f6ad 0.4697266 0.578125 0.01757813 0.03515625
1f6ae 0.4697266 0.6142578 0.01757813 0.03515625
1f6af 0.4697266 0.6503906 0.01757813 0.03515625
1f6b0 0.4697266 0.6865234 0.01757813 0.03515625
1f6b1 0.4697266 0.7226563 0.01757813 0.03515625
1f6b2 0.4697266 0.7587891 0.01757813 0.03515625
1f6b3 0.4697266 0.7949219 0.01757813 0.03515625
1f6b4 0.4697266 0.8310547 0.01757813 0.03515625
1f6b5 0.4697266 0.8671875 0.01757813 0.03515625
1f6b6 0.4697266 0.9033203 0.01757813 0.03515625
1f6b7 0.4697266 0.9394531 0.01757813 0.03515625
1f6b8 0.487793 0 0.01757813 0.03515625
1f6b9 0.487793 0.03613281 0.01757813 0.03515625
1f6ba 0.487793 0.07226563 0.01757813 0.03515625
1f6bb 0.487793 0.1083984 0.01757813 0.03515625
1f6bc 0.487793 0.1445313 0.01757813 0.03515625
1f6bd 0.487793 0.1806641 0.01757813 0.03515625
1f6be 0.487793 0.2167969 0.01757813 0.03515625
1f6bf 0.487793 0.2529297 0.01757813 0.03515625
1f6c0 0.487793 0.2890625 0.01757813 0.03515625
1f6c1 0.487793 0.3251953 0.01757813 0.03515625
1f6c2 0.487793 0.3613281 0.01757813 0.03515625
1f6c3 0.487793 0.3974609 0.01757813 0.03515625
1f6c4 0.487793 0.4335938 0.01757813 0.03515625
1f6c5 0.487793 0.4697266 0.01757813 0.03515625
203c 0.487793 0.5058594 0.01757813 0.03515625
2049 0.487793 0.5419922 0.01757813 0.03515625
2122 0.487793 0.578125 0.01757813 0.03515625
2139 0.487793 0.6142578 0.01757813 0.03515625
2194 0.487793 0.6503906 0.01757813 0.03515625
2195 0.487793 0.6865234 0.01757813 0.03515625
2196 0.487793 0.7226563 0.01757813 0.03515625
2197 0.487793 0.7587891 0.01757813 0.03515625
2198 0.487793 0.7949219 0.01757813 0.03515625
2199 0.487793 0.8310547 0.01757813 0.03515625
21a9 0.487793 0.8671875 0.01757813 0.03515625
21aa 0.487793 0.9033203 0.01757813 0.03515625
23-20e3 0.487793 0.9394531 0.01757813 0.03515625
231a 0.5058594 0 0.01757813 0.03515625
231b 0.5239258 0 0.01757813 0.03515625
23e9 0.5419922 0 0.01757813 0.03515625
23ea 0.5600586 0 0.01757813 0.03515625
23eb 0.578125 0 0.01757813 0.03515625
23ec 0.5961914 0 0.01757813 0.03515625
23f0 0.6142578 0 0.01757813 0.03515625
23f3 0.6323242 0 0.01757813 0.03515625
24c2 0.6503906 0 0.01757813 0.03515625
25aa 0.668457 0 0.01757813 0.03515625
25ab 0.6865234 0 0.01757813 0.03515625
25b6 0.7045898 0 0.01757813 0.03515625
25c0 0.7226563 0 0.01757813 0.03515625
25fb 0.7407227 0 0.01757813 0.03515625
25fc 0.7587891 0 0.01757813 0.03515625
25fd 0.7768555 0 0.01757813 0.03515625
25fe 0.7949219 0 0.01757813 0.03515625
2600 0.8129883 0 0.01757813 0.03515625
2601 0.8310547 0 0.01757813 0.03515625
260e 0.8491211 0 0.01757813 0.03515625
2611 0.8671875 0 0.01757813 0.03515625
2614 0.8852539 0 0.01757813 0.03515625
2615 0.9033203 0 0.01757813 0.03515625
261d 0.9213867 0 0.01757813 0.03515625
263a 0.9394531 0 0.01757813 0.03515625
2648 0.9575195 0 0.01757813 0.03515625
2649 0.9755859 0 0.01757813 0.03515625
264a 0.5058594 0.03613281 0.01757813 0.03515625
264b 0.5058594 0.07226563 0.01757813 0.03515625
264c 0.5058594 0.1083984 0.01757813 0.03515625
264d 0.5058594 0.1445313 0.01757813 0.03515625
264e 0.5058594 0.1806641 0.01757813 0.03515625
264f 0.5058594 0.2167969 0.01757813 0.03515625
2650 0.5058594 0.2529297 0.01757813 0.03515625
2651 0.5058594 0.2890625 0.01757813 0.03515625
2652 0.5058594 0.3251953 0.01757813 0.03515625
2653 0.5058594 0.3613281 0.01757813 0.03515625
2660 0.5058594 0.3974609 0.01757813 0.03515625
2663 0.5058594 0.4335938 0.01757813 0.03515625
2665 0.5058594 0.4697266 0.01757813 0.03515625
2666 0.5058594 0.5058594 0.01757813 0.03515625
2668 0.5058594 0.5419922 0.01757813 0.03515625
267b 0.5058594 0.578125 0.01757813 0.03515625
267f 0.5058594 0.6142578 0.01757813 0.03515625
2693 0.5058594 0.6503906 0.01757813 0.03515625
26a0 0.5058594 0.6865234 0.01757813 0.03515625
26a1 0.5058594 0.7226563 0.01757813 0.03515625
26aa 0.5058594 0.7587891 0.01757813 0.03515625
26ab 0.5058594 0.7949219 0.01757813 0.03515625
26bd 0.5058594 0.8310547 0.01757813 0.03515625
26be 0.5058594 0.8671875 0.01757813 0.03515625
26c4 0.5058594 0.9033203 0.01757813 0.03515625
26c5 0.5058594 0.9394531 0.01757813 0.03515625
26ce 0.5239258 0.03613281 0.01757813 0.03515625
26d4 0.5419922 0.03613281 0.01757813 0.03515625
26ea 0.5600586 0.03613281 0.01757813 0.03515625
26f2 0.578125 0.03613281 0.01757813 0.03515625
26f3 0.5961914 0.03613281 0.01757813 0.03515625
26f5 0.6142578 0.03613281 0.01757813 0.03515625
26fa 0.6323242 0.03613281 0.01757813 0.03515625
26fd 0.6503906 0.03613281 0.01757813 0.03515625
2702 0.668457 0.03613281 0.01757813 0.03515625
2705 0.6865234 0.03613281 0.01757813 0.03515625
2708 0.7045898 0.03613281 0.01757813 0.03515625
2709 0.7226563 0.03613281 0.01757813 0.03515625
270a 0.7407227 0.03613281 0.01757813 0.03515625
270b 0.7587891 0.03613281 0.01757813 0.03515625
270c 0.7768555 0.03613281 0.01757813 0.03515625
270f 0.7949219 0.03613281 0.01757813 0.03515625
2712 0.8129883 0.03613281 0.01757813 0.03515625
2714 0.8310547 0.03613281 0.01757813 0.03515625
2716 0.8491211 0.03613281 0.01757813 0.03515625
2728 0.8671875 0.03613281 0.01757813 0.03515625
2733 0.8852539 0.03613281 0.01757813 0.03515625
2734 0.9033203 0.03613281 0.01757813 0.03515625
2744 0.9213867 0.03613281 0.01757813 0.03515625
2747 0.9394531 0.03613281 0.01757813 0.03515625
274c 0.9575195 0.03613281 0.01757813 0.03515625
274e 0.9755859 0.03613281 0.01757813 0.03515625
2753 0.5239258 0.07226563 0.01757813 0.03515625
2754 0.5239258 0.1083984 0.01757813 0.03515625
2755 0.5239258 0.1445313 0.01757813 0.03515625
2757 0.5239258 0.1806641 0.01757813 0.03515625
2764 0.5239258 0.2167969 0.01757813 0.03515625
2795 0.5239258 0.2529297 0.01757813 0.03515625
2796 0.5239258 0.2890625 0.01757813 0.03515625
2797 0.5239258 0.3251953 0.01757813 0.03515625
27a1 0.5239258 0.3613281 0.01757813 0.03515625
27b0 0.5239258 0.3974609 0.01757813 0.03515625
27bf 0.5239258 0.4335938 0.01757813 0.03515625
2934 0.5239258 0.4697266 0.01757813 0.03515625
2935 0.5239258 0.5058594 0.01757813 0.03515625
2b05 0.5239258 0.5419922 0.01757813 0.03515625
2b06 0.5239258 0.578125 0.01757813 0.03515625
2b07 0.5239258 0.6142578 0.01757813 0.03515625
2b1b 0.5239258 0.6503906 0.01757813 0.03515625
2b1c 0.5239258 0.6865234 0.01757813 0.03515625
2b50 0.5239258 0.7226563 0.01757813 0.03515625
2b55 0.5239258 0.7587891 0.01757813 0.03515625
30-20e3 0.5239258 0.7949219 0.01757813 0.03515625
3030 0.5239258 0.8310547 0.01757813 0.03515625
303d 0.5239258 0.8671875 0.01757813 0.03515625
31-20e3 0.5239258 0.9033203 0.01757813 0.03515625
32-20e3 0.5239258 0.9394531 0.01757813 0.03515625
3297 0.5419922 0.07226563 0.01757813 0.03515625
3299 0.5600586 0.07226563 0.01757813 0.03515625
33-20e3 0.578125 0.07226563 0.01757813 0.03515625
34-20e3 0.5961914 0.07226563 0.01757813 0.03515625
35-20e3 0.6142578 0.07226563 0.01757813 0.03515625
36-20e3 0.6323242 0.07226563 0.01757813 0.03515625
37-20e3 0.6503906 0.07226563 0.01757813 0.03515625
38-20e3 0.668457 0.07226563 0.01757813 0.03515625
39-20e3 0.6865234 0.07226563 0.01757813 0.03515625
a9 0.7045898 0.07226563 0.01757813 0.03515625
ae 0.7226563 0.07226563 0.01757813 0.03515625
e50a 0.7407227 0.07226563 0.01757813 0.03515625
